W_x0_forward
4 12
5.688921 -0.52118963 -0.67829293 -0.6628309 0.08544257 0.033590335 -0.05737493 -0.033752292 0.047165286 11.015023 0.58311486 0.41053078 -5.1772375 -0.58349687 -0.5455043 -2.3087323 -0.048846427 -0.019300254 1.1366813 -0.38284087 0.38651058 6.8496904 0.4851501 0.43575963 4.805192 3.3026571 1.2912974 -19.633303 6.258616 1.8075392 -2.1539595 -0.88975173 -0.65704054 8.0924015 5.0228353 4.5585823 4.092889 -0.94312805 -0.920556 -0.7599215 -0.28789854 -0.32057196 0.24199641 0.028515168 1.1395586 -1.3240387 0.27982843 0.058526367
W_h0_forward
3 12
2.9182024 0.24704675 0.2778506 -0.105314665 1.5578337 0.65304106 0.12661886 -0.15445848 0.6526823 1.6109424 0.034801606 0.18915097 -3.5201774 -0.42010024 -0.007736444 -0.65032256 0.24847938 0.41243395 0.43334895 1.0445834 0.41202706 0.801516 -0.48856664 0.69813555 -5.0854373 -0.0142611945 0.15693416 -0.74888605 -0.19904566 0.24333075 -0.2394393 -0.51636994 0.84932333 1.4751455 -0.5359757 0.40000072
b0_forward
12
1.6074766 -0.23737922 0.06966275 2.3624077 1.2869023 1.0934969 -0.31551892 0.08640658 0.16654293 -4.164549 0.33875218 0.078850724
W_x0_backward
4 12
-1.1911659 -0.5895041 -0.5774877 0.91112083 0.04456064 -0.25504056 -1.1118832 0.0065990877 -0.000331818 -0.62198323 1.7193985 -0.99440825 0.18274304 0.7703549 1.6102175 1.3624915 0.6642533 0.17957589 -0.09589094 0.26823115 0.5430075 1.4565094 -0.07156942 1.6540496 -1.1567101 8.576488 1.2165856 2.394181 4.825299 -5.5805736 -0.9369031 -0.42871523 -5.008323 4.005487 3.3504891 1.1818755 3.3205252 0.5026552 1.7899636 3.836408 -0.83795696 1.3634421 0.11202551 -1.2649207 -0.21383494 1.5909368 0.93568325 2.845752
W_h0_backward
3 12
-0.3504402 -0.11019697 -1.1548117 0.11196518 0.3829266 -0.5478188 -0.26150754 0.29515225 -0.024969902 -0.3814886 -1.0043944 -1.1403965 -1.9175017 0.34475863 0.09093305 -2.3244245 0.16612682 -1.4994863 0.47953993 0.036783732 0.17057544 -0.097320125 0.23732837 -2.2470522 0.32371503 -0.6283219 0.5611643 -1.6008396 0.22067465 -0.17641956 0.15653248 0.026992284 -0.18045644 -0.008516121 -0.95947236 0.53811705
b0_backward
12
-0.3916972 -0.17201295 -0.20445897 1.3246398 1.1071723 0.9088197 0.27666357 0.10013672 0.03552965 -0.43540388 -0.101046175 0.035030708
W_x1_forward
6 12
3.3260005 -1.1380866 -0.78364176 -1.7813188 -0.24648002 -2.3031425 0.06052374 3.4802208 -0.8177249 -1.4745271 1.6712067 -2.28339 -0.11133974 2.0512047 -0.4885591 0.470672 0.9515509 -0.39340588 1.2255728 -0.09543161 -0.29243243 -0.5743029 0.39377972 -0.21819992 -1.2833966 -1.9968393 0.70500374 -0.68466973 0.60292286 0.42373762 0.7668744 0.32441124 0.4321291 -0.14852925 0.31055796 0.39301506 0.18735448 -1.752292 0.03979342 0.52046174 0.48912027 1.0154157 0.03606341 0.356495 -0.13517372 -0.01109981 -2.2221727 -0.49006492 0.7598286 3.874946 1.6693602 1.47729 -1.1440525 -1.2950878 0.19249298 1.6993742 -0.5134998 -0.5565136 -1.1723231 0.3721538 -0.04068047 0.6563815 -0.14523226 0.25233972 -0.10334921 -1.8793728 0.07901539 0.8776529 -0.60035574 1.22554 2.1947737 0.3082637
W_h1_forward
3 12
-0.59355783 0.36686856 -0.1043482 -2.5495152 2.341248 -0.23234667 2.7075365 -0.12929179 -0.048699234 -1.1694704 1.9058816 -0.38437274 -0.7910713 -3.5054877 -0.8552982 -1.7600633 -0.22716516 -0.016634034 -0.23359467 -0.7444522 0.16826303 -0.05591557 0.4330033 -0.8820822 -0.4537514 1.4374812 1.19923 -0.19391252 1.7105147 0.88195735 0.317561 -0.22339173 0.6155322 -1.106091 0.29330298 0.8225578
b1_forward
12
0.4152181 2.304253 0.23806319 1.2783185 2.3700342 1.7094004 0.16339672 0.33827475 -0.013873525 0.58581114 0.73486054 0.6229696
W_x1_backward
6 12
-0.98777574 -2.274061 0.72580147 -0.012816667 -0.11127546 -4.0064807 0.7238866 1.3516717 0.75106037 -1.6900504 -3.6663096 1.7173507 1.5025641 0.08670366 -0.57297224 1.2198544 -2.404762 -0.08536498 -0.011029896 0.20489177 0.27573842 -0.04495295 -0.5349778 -1.8378316 0.00719802 0.33799988 -0.35570848 0.25717953 -0.66968703 0.62152994 0.849144 0.08586924 -0.03358299 0.61998093 0.56403756 2.1214426 0.29123884 0.49693462 0.53929013 -0.6356098 -0.23313215 -0.17827806 0.093030326 -0.32543495 0.10753038 -0.17936599 -0.6069175 -3.6240606 -0.46848646 -2.443514 -1.6799146 -1.351962 -1.867193 -2.0139773 -0.36280632 0.7294334 0.3410596 2.5678363 0.8730459 0.8360051 -0.05435511 -1.453353 -2.29611 -0.019349176 -1.875836 -1.011081 -0.011087735 0.69622356 0.604142 1.8461461 -1.6767749 1.1377547
W_h1_backward
3 12
-0.24725185 -1.8120606 -1.7121307 1.493265 -0.5674639 1.1491166 1.0677732 0.3108103 -0.9541945 0.40554345 -0.3068859 -1.9753449 1.1825355 1.823547 0.8004237 -1.2210066 0.0063159275 0.6992923 0.37653393 1.251646 0.5960523 -0.01638169 3.1533494 3.3081477 0.14148551 1.1873711 0.45491478 0.20716695 -0.2902322 -2.8414118 -1.224225 0.28393453 -0.040603053 -1.4072922 0.5495841 -0.09218575
b1_backward
12
-0.38191915 0.080114484 -0.36809555 1.4515173 1.5421163 1.058051 0.400242 -0.22368206 -0.15123816 0.0089565925 0.34840944 -0.039267294
W_x2_forward
6 12
-2.4639332 -1.771292 1.6068245 -0.49600735 0.45040748 2.0599084 0.8171202 -1.4009238 0.25441843 -0.36324427 -0.63516605 1.0214958 -1.4130566 -0.82300127 -1.1750418 -1.9489052 -0.06724849 5.4023557 -0.19591844 -0.72961557 1.1401973 0.6720938 -0.37411717 1.4196599 -0.16391622 1.0030546 1.1421015 1.2578952 3.7074845 2.4455836 0.6939921 -0.04765266 -1.2103409 1.7821293 -0.57933897 0.07112217 -2.7289803 -1.5269611 0.6669983 0.2752341 0.6858048 -1.1274447 -0.24300794 0.17020977 0.22797896 0.68378353 -0.1742149 -0.008818797 2.3374195 -0.2019722 -3.8491707 -2.8503566 0.63498765 -4.259767 0.62507284 -0.19514766 -1.0449413 1.3671634 -0.5269263 0.8494488 0.28710672 -0.06349399 0.8269184 3.1519814 0.8662281 -0.38620132 -0.52325016 -0.64837056 -0.5271084 0.27938256 1.177342 3.2060041
W_h2_forward
3 12
7.944233 0.7064223 2.6820729 -3.2396576 -6.03505 -0.3234617 -0.73246115 0.31998968 0.11749908 3.7670834 1.2320192 1.1588982 0.26082653 -1.6836185 -0.1791374 1.7135576 -1.5215989 -2.3666453 0.09132646 -0.5756146 -0.30422547 -2.237824 0.5694965 -0.67332584 5.1527276 -0.009305745 -5.3155713 -4.3806915 1.8791832 -1.5504143 -0.44707248 0.039078813 -0.16024664 0.07442775 0.0834777 1.4922922
b2_forward
12
0.6662628 -0.21020003 0.04402029 2.2344227 2.5343819 0.21957175 -0.015651472 0.6256585 -0.16165096 -1.7393322 0.1601461 0.11687286
W_x2_backward
6 12
-0.5956961 -0.0015824088 -0.121836126 0.70072126 -0.3535074 -0.4618023 0.7347134 -0.49477682 -0.8100871 1.7762376 -0.11121238 -0.6029209 2.4265933 -2.219597 -1.9340696 3.545911 -1.0108222 -2.012351 -0.035269078 1.7359142 1.5705315 -0.79002464 0.27229887 -0.986398 -1.268163 -0.5067053 1.9158111 1.0628043 -0.59163463 0.5534828 0.33169302 2.482911 0.74415785 0.7762342 0.04901691 -0.0060634906 -0.2914295 -0.46995777 -0.74176943 0.088861346 -0.39961633 -0.6055943 0.9334165 0.4806046 1.9104491 -0.04686805 -1.2730377 1.0424317 -1.3182473 -0.29366505 1.2059791 0.47690582 1.9151815 1.5867248 0.12039504 -0.6397061 -0.9365893 1.2033846 -0.6238695 -0.011616965 0.329386 0.102225795 -1.4943848 1.2371143 0.19997753 -0.2741491 -0.6247412 -1.5499506 -0.20941731 -0.18237479 -0.82145894 1.2209792
W_h2_backward
3 12
-3.2233117 -0.6929399 0.095228925 2.0302496 0.092572436 1.3871938 -0.48389894 -1.5308447 1.2874982 0.9387494 2.007497 -1.1802781 -0.17217141 0.7860028 -1.6007348 -1.7567413 -0.39632595 0.115048915 0.4740821 2.2956681 -0.005633111 1.1547844 -0.738359 0.23604119 0.23652446 -0.24863268 -0.6953767 1.0716543 -0.32676053 0.5146004 -0.3853745 -1.2105561 -0.023179103 -0.62145007 -0.26391074 -0.5530157
b2_backward
12
-0.47218716 0.20886157 -0.12853678 1.1749349 1.0070204 0.34904456 0.32877925 0.73279476 -0.12593643 0.075342394 0.06461731 0.2212529
W_dense
6 1
-1.5871195 1.0497584 -0.08982951 0.59142035 1.1445459 -0.97296417
b_dense
1
0.12976988
